1
42161
8453
988
2741
33139
80094
3637
484
25
666666666
97477
14
747
122
1300
100
2345
1625
295
43111
8822
1480
8217
1890
169
5000
1088
6900
16661
10088
10
3338
9745
98866
151
30
534352
1329
5031
1868
1514
1923
40
130
50
59144
9069
1313161554
43114
56
1116
41923
26514
57073
291
137
1380012617
146
55244
167000
2222
1
999
143
1
4114
1
999
250
42220
728126428
-239
239
60808
1
1
480
747474
4326
1101
324
204
48900
2818
42793
1284
21000000
1285
1996
1030
34443
81457
196
592
252
5064014
7560
50104
1135
81224
4337
7777777
37
88
1408
